{
  "advancedEditorSelectedIdentifier" : "ProjectBrowser",
  "openSceneRelativePaths" : [
    "Scene.usda",
    "Zero.usda"
  ],
  "recentIdentifiers" : {
    "26DBAE76-5DD8-47B6-A085-1B4ADA111097" : [

    ],
    "98F00A96-0769-405E-AA07-6F246813F50F" : [

    ],
    "136F1C18-F0E0-47C7-91FE-8C694C56F9A6" : [

    ]
  },
  "sceneCameraHistory" : {
    "3C1287F3-47C8-487B-9979-2BCFB9481EB5" : [
      {
        "date" : 710086463.314444,
        "title" : "Untitled",
        "transform" : [
          0.99999994,
          0,
          -0,
          0,
          -0,
          0.8660254,
          -0.49999994,
          0,
          0,
          0.49999994,
          0.8660254,
          0,
          4.0475585e-05,
          1.9488368,
          0.8865043,
          1
        ]
      },
      {
        "date" : 710086460.265119,
        "title" : "Untitled",
        "transform" : [
          0.99999994,
          0,
          0,
          0,
          0,
          0.8660254,
          -0.49999994,
          0,
          0,
          0.49999994,
          0.8660254,
          0,
          0,
          1.2704666,
          2.6232271,
          1
        ]
      },
      {
        "date" : 710086052.650238,
        "title" : "Untitled",
        "transform" : [
          0.99999994,
          0,
          0,
          0,
          0,
          0.8660254,
          -0.49999994,
          0,
          0,
          0.49999994,
          0.8660254,
          0,
          0,
          1.2273686,
          2.1950366,
          1
        ]
      },
      {
        "date" : 710085226.488506,
        "title" : "Untitled",
        "transform" : [
          0.99999994,
          0,
          -0,
          0,
          -0,
          0.8660254,
          -0.49999994,
          0,
          0,
          0.49999994,
          0.8660254,
          0,
          0,
          0.27093536,
          0.46927384,
          1
        ]
      }
    ],
    "26DBAE76-5DD8-47B6-A085-1B4ADA111097" : [
      {
        "date" : 710083199.835208,
        "title" : "Untitled",
        "transform" : [
          0.5015187,
          -1.3606094e-09,
          -0.8651467,
          0,
          -0.5429685,
          0.7785337,
          -0.31475458,
          0,
          0.6735459,
          0.62760276,
          0.39044926,
          0,
          1.8072426,
          3.362416,
          -22.137316,
          1
        ]
      },
      {
        "date" : 710083192.816854,
        "title" : "Untitled",
        "transform" : [
          0.5015187,
          -1.3606094e-09,
          -0.8651467,
          0,
          -0.5429685,
          0.7785337,
          -0.31475458,
          0,
          0.6735459,
          0.62760276,
          0.39044926,
          0,
          1.9591082,
          3.2417436,
          -22.205334,
          1
        ]
      },
      {
        "date" : 710083183.775214,
        "title" : "Untitled",
        "transform" : [
          0.5015187,
          -1.3606094e-09,
          -0.8651467,
          0,
          -0.5429685,
          0.7785337,
          -0.31475458,
          0,
          0.6735459,
          0.62760276,
          0.39044926,
          0,
          0.88080144,
          3.1483197,
          -20.195034,
          1
        ]
      },
      {
        "date" : 710083182.633451,
        "title" : "Untitled",
        "transform" : [
          0.5015187,
          -1.3606094e-09,
          -0.8651467,
          0,
          -0.5429685,
          0.7785337,
          -0.31475458,
          0,
          0.6735459,
          0.62760276,
          0.39044926,
          0,
          0.88080144,
          3.1483197,
          -20.195034,
          1
        ]
      },
      {
        "date" : 710083050.650206,
        "title" : "Untitled",
        "transform" : [
          0.5015187,
          -1.3606094e-09,
          -0.8651467,
          0,
          -0.5429685,
          0.7785337,
          -0.31475458,
          0,
          0.6735459,
          0.62760276,
          0.39044926,
          0,
          0.8808014,
          3.1483197,
          -20.195034,
          1
        ]
      },
      {
        "date" : 710082896.520488,
        "title" : "Untitled",
        "transform" : [
          0.5015187,
          -1.3606094e-09,
          -0.8651467,
          0,
          -0.5429685,
          0.7785337,
          -0.31475458,
          0,
          0.6735459,
          0.62760276,
          0.39044926,
          0,
          4.7093687,
          6.412208,
          -8.988745,
          1
        ]
      },
      {
        "date" : 710082032.940186,
        "title" : "Untitled",
        "transform" : [
          0.5015187,
          -1.3606094e-09,
          -0.8651467,
          0,
          -0.5429685,
          0.7785337,
          -0.31475458,
          0,
          0.6735459,
          0.62760276,
          0.39044926,
          0,
          2.3677902,
          6.1669602,
          -4.5552125,
          1
        ]
      },
      {
        "date" : 710081928.789723,
        "title" : "Untitled",
        "transform" : [
          0.5015187,
          -1.3606094e-09,
          -0.8651467,
          0,
          -0.5429685,
          0.7785337,
          -0.31475458,
          0,
          0.6735459,
          0.62760276,
          0.39044926,
          0,
          2.445589,
          6.3070984,
          -4.9146676,
          1
        ]
      },
      {
        "date" : 710081921.475721,
        "title" : "Untitled",
        "transform" : [
          0.5015187,
          -1.3606094e-09,
          -0.8651467,
          0,
          -0.5429685,
          0.7785337,
          -0.31475458,
          0,
          0.6735459,
          0.62760276,
          0.39044926,
          0,
          2.5719037,
          5.583055,
          -3.968761,
          1
        ]
      },
      {
        "date" : 710081906.424183,
        "title" : "Untitled",
        "transform" : [
          0.5015187,
          -1.3606094e-09,
          -0.8651467,
          0,
          -0.5429685,
          0.7785337,
          -0.31475458,
          0,
          0.6735459,
          0.62760276,
          0.39044926,
          0,
          2.6445897,
          3.1345565,
          -0.15848002,
          1
        ]
      }
    ],
    "98F00A96-0769-405E-AA07-6F246813F50F" : [
      {
        "date" : 710083497.660362,
        "title" : "Untitled",
        "transform" : [
          1,
          0,
          0,
          0,
          0,
          0.8660253,
          -0.5000001,
          0,
          0,
          0.5000001,
          0.8660253,
          0,
          0.0035236822,
          2.363158,
          -0.7380595,
          1
        ]
      },
      {
        "date" : 710083494.574572,
        "title" : "Untitled",
        "transform" : [
          1,
          0,
          0,
          0,
          0,
          0.8660253,
          -0.5000001,
          0,
          0,
          0.5000001,
          0.8660253,
          0,
          -0.07147631,
          1.3585684,
          -0.15805997,
          1
        ]
      },
      {
        "date" : 710083486.612799,
        "title" : "Untitled",
        "transform" : [
          1,
          0,
          0,
          0,
          0,
          0.8660253,
          -0.5000001,
          0,
          0,
          0.5000001,
          0.8660253,
          0,
          -0.07147631,
          1.3585684,
          -0.15805997,
          1
        ]
      },
      {
        "date" : 710083482.360537,
        "title" : "Untitled",
        "transform" : [
          1,
          0,
          0,
          0,
          0,
          0.8660253,
          -0.5000001,
          0,
          0,
          0.5000001,
          0.8660253,
          0,
          -0.036476314,
          0.6895983,
          0.27325013,
          1
        ]
      },
      {
        "date" : 710083480.493031,
        "title" : "Untitled",
        "transform" : [
          1,
          0,
          0,
          0,
          0,
          0.8660253,
          -0.5000001,
          0,
          0,
          0.5000001,
          0.8660253,
          0,
          -0.036476314,
          0.6895983,
          0.27325013,
          1
        ]
      },
      {
        "date" : 710083457.811957,
        "title" : "Untitled",
        "transform" : [
          1,
          0,
          0,
          0,
          0,
          0.8660253,
          -0.5000001,
          0,
          0,
          0.5000001,
          0.8660253,
          0,
          7.4505806e-08,
          0.78647333,
          0.44104272,
          1
        ]
      },
      {
        "date" : 710083454.069416,
        "title" : "Untitled",
        "transform" : [
          1,
          0,
          0,
          0,
          0,
          0.8660253,
          -0.5000001,
          0,
          0,
          0.5000001,
          0.8660253,
          0,
          0,
          0.33181086,
          0.7035425,
          1
        ]
      },
      {
        "date" : 710083452.793543,
        "title" : "Untitled",
        "transform" : [
          1,
          0,
          0,
          0,
          0,
          0.8660253,
          -0.5000001,
          0,
          0,
          0.5000001,
          0.8660253,
          0,
          0,
          0.32189092,
          0.66536754,
          1
        ]
      },
      {
        "date" : 710083435.4571,
        "title" : "Untitled",
        "transform" : [
          1,
          0,
          -0,
          0,
          -0,
          0.8660253,
          -0.5000001,
          0,
          0,
          0.5000001,
          0.8660253,
          0,
          0,
          0.27093494,
          0.4692731,
          1
        ]
      }
    ],
    "136F1C18-F0E0-47C7-91FE-8C694C56F9A6" : [
      {
        "date" : 710085114.831483,
        "title" : "Untitled",
        "transform" : [
          1,
          0,
          0,
          0,
          0,
          0.7071069,
          -0.70710677,
          0,
          0,
          0.70710677,
          0.7071069,
          0,
          0.20128521,
          3.0395162,
          -0.02065062,
          1
        ]
      },
      {
        "date" : 710085112.314906,
        "title" : "Untitled",
        "transform" : [
          1,
          0,
          0,
          0,
          0,
          0.7071069,
          -0.70710677,
          0,
          0,
          0.70710677,
          0.7071069,
          0,
          0.2112852,
          3.0359807,
          -0.017115103,
          1
        ]
      },
      {
        "date" : 710085108.614794,
        "title" : "Untitled",
        "transform" : [
          1,
          0,
          0,
          0,
          0,
          0.7071069,
          -0.70710677,
          0,
          0,
          0.70710677,
          0.7071069,
          0,
          0.10128527,
          1.7702612,
          1.2486057,
          1
        ]
      },
      {
        "date" : 710085079.727187,
        "title" : "Untitled",
        "transform" : [
          1,
          0,
          0,
          0,
          0,
          0.7071069,
          -0.70710677,
          0,
          0,
          0.70710677,
          0.7071069,
          0,
          2.8077867e-08,
          1.5809702,
          1.3848625,
          1
        ]
      },
      {
        "date" : 710085070.611189,
        "title" : "Untitled",
        "transform" : [
          0.7782196,
          1.7866384e-09,
          -0.62799215,
          0,
          -0.23150668,
          0.9295699,
          -0.28688744,
          0,
          0.5837626,
          0.36864585,
          0.72340965,
          0,
          5.905365,
          0.4110242,
          8.221999,
          1
        ]
      },
      {
        "date" : 710085062.7036,
        "title" : "Untitled",
        "transform" : [
          -0.93735904,
          5.088962e-09,
          -0.3483649,
          0,
          -0.17721723,
          0.8609371,
          0.47684526,
          0,
          0.29992026,
          0.5087114,
          -0.807007,
          0,
          5.6352096,
          2.209197,
          -11.975513,
          1
        ]
      },
      {
        "date" : 710085057.632153,
        "title" : "Untitled",
        "transform" : [
          0.99989235,
          -3.0701108e-10,
          -0.014671499,
          0,
          -0.0046289964,
          0.9489225,
          -0.31547546,
          0,
          0.013922118,
          0.31550947,
          0.94882035,
          0,
          0.036006767,
          0.81600225,
          2.453934,
          1
        ]
      },
      {
        "date" : 710085047.954234,
        "title" : "Untitled",
        "transform" : [
          0.99999994,
          0,
          0,
          0,
          0,
          0.84180325,
          -0.53978455,
          0,
          0,
          0.53978455,
          0.84180325,
          0,
          -0.69732475,
          3.6602066,
          0.9696237,
          1
        ]
      },
      {
        "date" : 710084906.719445,
        "title" : "Untitled",
        "transform" : [
          0.99999994,
          0,
          0,
          0,
          0,
          0.84180325,
          -0.53978455,
          0,
          0,
          0.53978455,
          0.84180325,
          0,
          -0.060292754,
          3.17026,
          -2.8550863,
          1
        ]
      },
      {
        "date" : 710084903.285119,
        "title" : "Untitled",
        "transform" : [
          0.99999994,
          0,
          0,
          0,
          0,
          0.84180325,
          -0.53978455,
          0,
          0,
          0.53978455,
          0.84180325,
          0,
          -0.08956076,
          3.7576578,
          -1.2818446,
          1
        ]
      }
    ],
    "051231CD-A17C-4878-BF1B-98A12BC74546" : [
      {
        "date" : 710185221.524288,
        "title" : "Untitled",
        "transform" : [
          0.99999994,
          0,
          -0,
          0,
          -0,
          0.86602503,
          -0.5000007,
          0,
          0,
          0.5000007,
          0.86602503,
          0,
          -0.18672618,
          3.4717207,
          1.8552411,
          1
        ]
      },
      {
        "date" : 710090065.097926,
        "title" : "Untitled",
        "transform" : [
          0.99999994,
          0,
          -0,
          0,
          -0,
          0.86602503,
          -0.5000007,
          0,
          0,
          0.5000007,
          0.86602503,
          0,
          -0.100529455,
          2.0379047,
          1.2429864,
          1
        ]
      },
      {
        "date" : 710089947.479103,
        "title" : "Untitled",
        "transform" : [
          0.99999994,
          0,
          -0,
          0,
          -0,
          0.86602503,
          -0.5000007,
          0,
          0,
          0.5000007,
          0.86602503,
          0,
          -0.04552944,
          1.9902731,
          1.2704871,
          1
        ]
      },
      {
        "date" : 710089932.314429,
        "title" : "Untitled",
        "transform" : [
          0.99999994,
          0,
          -0,
          0,
          -0,
          0.86602503,
          -0.5000007,
          0,
          0,
          0.5000007,
          0.86602503,
          0,
          -0.0005294476,
          1.0506358,
          1.8129882,
          1
        ]
      },
      {
        "date" : 710089866.535349,
        "title" : "Untitled",
        "transform" : [
          0.99999994,
          0,
          -0,
          0,
          -0,
          0.8660249,
          -0.5000007,
          0,
          0,
          0.5000007,
          0.8660249,
          0,
          4.0601943e-05,
          1.9541647,
          0.890179,
          1
        ]
      },
      {
        "date" : 710089863.218463,
        "title" : "Untitled",
        "transform" : [
          1,
          0,
          -0,
          0,
          -0,
          0.8660249,
          -0.5000008,
          0,
          0,
          0.5000008,
          0.8660249,
          0,
          4.0605657e-05,
          3.0180135,
          3.9065993,
          1
        ]
      }
    ]
  },
  "selectedSceneRelativePath" : "Zero.usda"
}